 

stn;time;tso005s0;gre000z0;tre200s0;tre005s0;rre150z0;ure000s0
AGMDAR;201806110000;21.3;0;20.6;18.7;0.0;66.2
AGMDAR;201806110010;21.3;0;20.7;18.8;0.0;65.2
AGMDAR;201806110020;21.3;0;21.1;18.6;0.0;64.1
AGMDAR;201806110030;21.2;0;21.0;18.7;0.0;65.2
AGMDAR;201806110040;21.2;0;20.5;18.8;0.0;68.4
AGMDAR;201806110050;21.2;0;20.2;18.9;0.0;70.0
AGMDAR;201806110100;21.2;0;20.4;18.8;0.0;67.9
AGMDAR;201806110110;21.1;0;20.0;18.7;0.0;69.7
AGMDAR;201806110120;21.1;0;19.5;18.6;0.0;73.1
AGMDAR;201806110130;21.1;0;19.2;18.4;0.0;75.7
AGMDAR;201806110140;21.0;0;19.2;18.2;0.0;74.7
AGMDAR;201806110150;21.0;0;19.0;18.1;0.0;76.3
AGMDAR;201806110200;21.0;0;18.9;18.1;0.0;76.8
AGMDAR;201806110210;21.0;0;18.9;18.2;0.0;77.3
AGMDAR;201806110220;20.9;0;18.7;18.1;0.0;78.4
AGMDAR;201806110230;20.9;0;18.4;17.9;0.0;78.8
AGMDAR;201806110240;20.9;0;18.8;17.8;0.0;76.1
AGMDAR;201806110250;20.9;0;18.2;17.7;0.0;80.3
AGMDAR;201806110300;20.8;0;18.0;17.7;0.0;82.3
AGMDAR;201806110310;20.8;0;18.3;17.6;0.0;79.4
AGMDAR;201806110320;20.8;0;18.3;17.6;0.0;79.4
AGMDAR;201806110330;20.8;0;18.2;17.6;0.0;80.5
AGMDAR;201806110340;20.7;1;18.6;17.7;0.0;78.3
AGMDAR;201806110350;20.7;4;18.3;17.6;0.0;79.4
AGMDAR;201806110400;20.7;8;18.4;17.5;0.0;78.5
AGMDAR;201806110410;20.7;11;18.0;17.6;0.0;81.3
AGMDAR;201806110420;20.6;17;17.5;17.6;0.0;84.5
AGMDAR;201806110430;20.6;30;17.4;17.9;0.0;85.4
AGMDAR;201806110440;20.6;47;17.4;18.0;0.0;85.6
AGMDAR;201806110450;20.6;63;17.3;18.2;0.0;86.9
AGMDAR;201806110500;20.5;79;17.5;18.3;0.0;87.2
AGMDAR;201806110510;20.5;83;17.8;18.6;0.0;84.5
AGMDAR;201806110520;20.5;86;18.0;18.8;0.0;84.3
AGMDAR;201806110530;20.5;90;18.1;19.1;0.0;85.9
AGMDAR;201806110540;20.5;95;18.3;19.3;0.0;84.2
AGMDAR;201806110550;20.4;110;18.5;19.5;0.0;83.9
AGMDAR;201806110600;20.4;117;19.0;19.7;0.0;80.2
AGMDAR;201806110610;20.4;136;19.2;19.9;0.0;79.6
AGMDAR;201806110620;20.4;124;19.4;20.0;0.0;79.1
AGMDAR;201806110630;-;-;-;-;-;-
AGMDAR;201806110640;20.4;101;19.3;19.7;0.0;78.4
AGMDAR;201806110650;20.4;87;19.1;19.3;0.0;80.1
AGMDAR;201806110700;20.4;100;18.8;19.2;0.0;83.3
AGMDAR;201806110710;20.3;140;18.7;19.4;0.0;84.5
AGMDAR;201806110720;20.3;126;18.5;19.5;0.0;86.5
AGMDAR;201806110730;20.3;118;18.4;19.0;0.0;85.4
AGMDAR;201806110740;20.3;110;18.4;18.6;0.0;83.4
AGMDAR;201806110750;20.3;109;18.5;18.6;0.0;81.1
AGMDAR;201806110800;20.3;88;18.4;18.3;0.0;80.6
AGMDAR;201806110810;20.3;79;17.9;18.2;0.0;84.3
AGMDAR;201806110820;20.3;79;17.6;18.1;0.0;87.1
AGMDAR;201806110830;20.3;78;17.3;17.9;0.0;89.4
AGMDAR;201806110840;20.3;63;17.0;17.8;0.0;90.8
AGMDAR;201806110850;20.3;65;16.8;17.7;0.0;91.6
AGMDAR;201806110900;20.3;90;16.6;17.7;0.0;92.2
AGMDAR;201806110910;20.3;86;16.5;17.8;0.0;91.9
AGMDAR;201806110920;20.2;85;16.5;17.7;0.0;90.7
AGMDAR;201806110930;20.2;93;16.5;17.7;0.0;91.7
AGMDAR;201806110940;20.2;87;16.4;17.9;0.0;92.3
AGMDAR;201806110950;20.2;64;16.3;17.6;0.0;91.9
AGMDAR;201806111000;20.2;106;16.3;17.5;0.0;93.5
AGMDAR;201806111010;20.2;201;16.3;17.7;0.0;94.3
AGMDAR;201806111020;20.2;180;16.6;18.3;0.0;94.5
AGMDAR;201806111030;20.1;222;16.8;18.8;0.0;94.1
AGMDAR;201806111040;20.1;265;17.2;19.4;0.0;92.6
AGMDAR;201806111050;20.1;850;17.5;20.5;0.0;91.9
AGMDAR;201806111100;20.0;956;18.4;23.0;0.0;88.6
AGMDAR;201806111110;20.0;828;18.3;22.3;0.0;87.7
AGMDAR;201806111120;20.0;879;18.9;23.3;0.0;86.7
AGMDAR;201806111130;20.0;762;19.0;22.9;0.0;86.4
AGMDAR;201806111140;19.9;903;19.6;23.8;0.0;83.9
AGMDAR;201806111150;19.9;1003;19.8;23.5;0.0;82.2
AGMDAR;201806111200;19.9;980;20.4;24.5;0.0;79.7
AGMDAR;201806111210;19.9;769;20.4;24.0;0.0;78.1
AGMDAR;201806111220;19.9;823;20.7;24.4;0.0;77.4
AGMDAR;201806111230;19.9;1105;21.0;25.2;0.0;75.9
AGMDAR;201806111240;19.9;970;21.7;26.2;0.0;74.7
AGMDAR;201806111250;19.9;960;21.7;25.0;0.0;71.9
AGMDAR;201806111300;19.9;944;21.9;24.7;0.0;69.0
AGMDAR;201806111310;20.0;934;22.4;25.0;0.0;70.7
AGMDAR;201806111320;20.0;886;22.2;23.9;0.0;68.1
AGMDAR;201806111330;20.1;586;21.6;22.9;0.0;67.5
AGMDAR;201806111340;20.1;917;22.3;23.7;0.0;66.6
AGMDAR;201806111350;20.2;928;22.4;23.2;0.0;68.0
AGMDAR;201806111400;20.2;786;22.8;23.8;0.0;68.1
AGMDAR;201806111410;20.3;286;21.8;21.1;0.0;69.8
AGMDAR;201806111420;20.3;527;22.1;21.4;0.0;65.8
AGMDAR;201806111430;20.4;348;22.6;22.1;0.0;65.8
AGMDAR;201806111440;20.4;143;22.0;20.9;0.0;68.1
AGMDAR;201806111450;20.5;149;21.6;20.2;0.0;68.9
AGMDAR;201806111500;20.5;190;21.5;20.3;0.0;69.4
AGMDAR;201806111510;20.6;173;21.4;20.2;0.0;65.8
AGMDAR;201806111520;20.6;146;21.3;20.0;0.0;65.9
AGMDAR;201806111530;20.6;139;21.2;20.1;0.0;66.5
AGMDAR;201806111540;20.6;241;21.4;20.1;0.0;66.8
AGMDAR;201806111550;20.6;275;21.6;20.1;0.0;67.8
AGMDAR;201806111600;20.7;248;21.4;20.1;0.0;68.8
AGMDAR;201806111610;20.7;243;21.4;20.2;0.0;68.7
AGMDAR;201806111620;20.7;402;22.1;20.8;0.0;67.4
AGMDAR;201806111630;20.7;251;21.8;20.9;0.0;68.1
AGMDAR;201806111640;20.7;266;21.8;20.6;0.0;67.5
AGMDAR;201806111650;20.7;207;22.0;20.8;0.0;68.4
AGMDAR;201806111700;20.7;322;22.1;21.1;0.0;64.7
AGMDAR;201806111710;20.7;114;22.1;21.0;0.0;64.1
AGMDAR;201806111720;20.7;251;22.1;21.1;0.0;67.9
AGMDAR;201806111730;20.7;180;22.6;21.5;0.0;66.9
AGMDAR;201806111740;20.7;131;22.0;21.5;0.0;69.7
AGMDAR;201806111750;20.7;88;21.6;21.2;0.0;71.2
AGMDAR;201806111800;20.7;42;21.3;20.7;0.0;73.4
AGMDAR;201806111810;20.8;39;21.1;20.3;0.0;69.6
AGMDAR;201806111820;20.8;27;21.0;20.2;0.0;71.8
AGMDAR;201806111830;20.8;29;20.7;20.1;0.0;76.7
AGMDAR;201806111840;20.8;23;20.8;19.8;0.0;68.3
AGMDAR;201806111850;20.8;25;20.8;19.5;0.0;66.9
AGMDAR;201806111900;20.8;25;20.9;19.4;0.0;64.9
AGMDAR;201806111910;20.8;9;20.8;19.2;0.0;65.6
AGMDAR;201806111920;20.8;1;20.4;19.3;0.0;68.0
AGMDAR;201806111930;-;-;-;-;-;-
AGMDAR;201806111940;20.8;0;18.0;17.2;0.0;81.7
AGMDAR;201806111950;20.8;0;18.0;17.4;0.0;79.6
AGMDAR;201806112000;20.8;0;17.9;17.5;0.0;83.8
AGMDAR;201806112010;20.8;0;17.3;17.2;0.0;85.7
AGMDAR;201806112020;20.8;0;17.5;16.9;0.0;78.4
AGMDAR;201806112030;20.8;0;16.8;16.6;0.0;86.3
AGMDAR;201806112040;20.7;0;16.9;17.0;0.0;85.2
AGMDAR;201806112050;20.7;0;16.7;17.0;0.0;86.1
AGMDAR;201806112100;20.7;0;17.3;16.7;0.0;78.7
AGMDAR;201806112110;20.6;0;16.8;16.7;0.0;83.4
AGMDAR;201806112120;20.6;0;17.0;16.7;0.0;81.8
AGMDAR;201806112130;20.6;0;16.6;16.8;0.0;85.6
AGMDAR;201806112140;20.5;0;16.5;16.9;0.0;87.1
AGMDAR;201806112150;20.5;0;16.2;17.0;0.0;89.2
AGMDAR;201806112200;20.5;0;16.1;16.8;0.0;90.5
AGMDAR;201806112210;20.4;0;16.1;16.5;0.0;91.2
AGMDAR;201806112220;20.4;0;16.0;16.8;0.0;91.7
AGMDAR;201806112230;20.4;0;15.9;16.9;0.0;92.7
AGMDAR;201806112240;20.3;0;15.8;16.9;0.0;93.1
AGMDAR;201806112250;20.3;0;15.7;16.9;0.0;94.1
AGMDAR;201806112300;20.3;0;15.8;16.9;0.0;95.2
AGMDAR;201806112310;20.2;0;15.8;17.1;0.0;95.1
AGMDAR;201806112320;20.2;0;15.8;17.0;0.0;94.4
AGMDAR;201806112330;20.1;0;15.9;17.0;0.0;93.4
AGMDAR;201806112340;20.1;0;15.8;17.0;0.0;93.7
AGMDAR;201806112350;20.1;0;15.7;17.0;0.0;94.1
AGMDAR;201806120000;20.0;0;15.9;16.9;0.0;93.5
AGMDAR;201806120010;20.0;0;16.0;16.9;0.0;92.7
AGMDAR;201806120020;20.0;0;15.7;17.0;0.0;93.4
AGMDAR;201806120030;19.9;0;15.5;16.9;0.0;93.8
AGMDAR;201806120040;19.9;0;15.5;16.7;0.0;92.8
AGMDAR;201806120050;19.9;0;15.3;16.4;0.0;93.1
AGMDAR;201806120100;19.8;0;15.1;16.1;0.0;94.3
AGMDAR;201806120110;19.8;0;15.1;16.1;0.0;95.1
AGMDAR;201806120120;19.8;0;15.1;16.2;0.0;95.2
AGMDAR;201806120130;19.7;0;15.4;16.3;0.0;95.7
AGMDAR;201806120140;19.7;0;15.3;16.3;0.0;96.0
AGMDAR;201806120150;19.6;0;15.3;16.3;0.0;96.2
AGMDAR;201806120200;19.6;0;15.3;16.3;0.0;96.6
AGMDAR;201806120210;19.5;0;15.2;16.2;0.0;96.9
AGMDAR;201806120220;19.5;0;15.2;16.2;0.0;97.1
AGMDAR;201806120230;19.5;0;15.2;16.1;0.0;97.0
AGMDAR;201806120240;19.4;0;15.2;16.2;0.0;96.6
AGMDAR;201806120250;19.4;0;15.2;16.2;0.0;96.5
AGMDAR;201806120300;19.4;0;15.3;16.2;0.0;96.3
AGMDAR;201806120310;19.3;0;15.4;16.2;0.0;95.9
AGMDAR;201806120320;19.3;0;15.4;16.3;0.0;95.7
AGMDAR;201806120330;19.2;0;15.2;16.2;0.0;95.8
AGMDAR;201806120340;19.2;1;15.2;16.2;0.0;96.5
AGMDAR;201806120350;19.2;3;15.2;16.1;0.0;96.8
AGMDAR;201806120400;19.1;5;15.2;16.1;0.0;96.9
AGMDAR;201806120410;19.1;10;15.1;16.1;0.0;96.9
AGMDAR;201806120420;19.1;19;15.1;16.1;0.0;97.0
AGMDAR;201806120430;19.0;26;15.2;16.2;0.0;97.0
AGMDAR;201806120440;19.0;25;15.2;16.1;0.0;97.1
AGMDAR;201806120450;19.0;32;15.2;16.0;0.0;97.3
AGMDAR;201806120500;18.9;49;15.1;16.2;0.0;97.4
AGMDAR;201806120510;18.9;37;15.1;16.3;0.0;97.4
AGMDAR;201806120520;18.9;45;15.1;16.1;0.0;97.4
AGMDAR;201806120530;18.8;53;15.2;15.7;0.0;97.5
AGMDAR;201806120540;18.8;97;15.3;15.8;0.0;97.6
AGMDAR;201806120550;18.7;311;16.1;17.4;0.0;97.5
AGMDAR;201806120600;18.6;391;16.5;19.3;0.0;96.0
AGMDAR;201806120610;18.5;373;17.0;19.4;0.0;91.5
AGMDAR;201806120620;18.5;475;17.9;20.3;0.0;85.3
AGMDAR;201806120630;-;-;-;-;-;-
AGMDAR;201806120640;18.4;586;18.0;20.6;0.0;84.3
AGMDAR;201806120650;18.4;464;18.0;20.8;0.0;83.5
AGMDAR;201806120700;18.4;448;17.5;19.6;0.0;84.7
AGMDAR;201806120710;18.3;624;18.9;21.0;0.0;81.2
AGMDAR;201806120720;18.3;650;18.9;21.1;0.0;79.6
AGMDAR;201806120730;18.3;663;19.1;21.2;0.0;78.1
AGMDAR;201806120740;18.3;651;19.0;21.9;0.0;78.4
AGMDAR;201806120750;18.4;495;18.9;21.7;0.0;77.4
AGMDAR;201806120800;18.4;813;19.1;21.4;0.0;76.6
AGMDAR;201806120810;18.4;835;19.3;22.1;0.0;75.9
AGMDAR;201806120820;18.5;862;19.5;22.5;0.0;73.9
AGMDAR;201806120830;18.5;894;20.4;23.2;0.0;69.0
AGMDAR;201806120840;18.6;738;20.3;23.6;0.0;67.2
AGMDAR;201806120850;18.7;480;19.5;22.4;0.0;66.9
AGMDAR;201806120900;18.7;759;19.9;22.0;0.0;69.6
AGMDAR;201806120910;18.7;1152;20.7;23.9;0.0;63.6
AGMDAR;201806120920;18.8;886;20.9;24.7;0.0;64.3
AGMDAR;201806120930;18.9;616;20.5;24.6;0.0;67.9
AGMDAR;201806120940;19.0;798;20.6;23.1;0.0;68.6
AGMDAR;201806120950;19.1;660;20.6;23.1;0.0;66.1
AGMDAR;201806121000;19.2;398;20.2;21.7;0.0;67.9
AGMDAR;201806121010;19.3;468;20.5;21.8;0.0;66.5
AGMDAR;201806121020;19.3;529;20.5;22.1;0.0;67.9
AGMDAR;201806121030;19.4;972;21.0;23.7;0.0;65.4
AGMDAR;201806121040;19.5;1151;21.4;25.1;0.0;65.5
AGMDAR;201806121050;19.5;1058;21.7;25.8;0.0;63.5
AGMDAR;201806121100;19.6;565;21.5;24.9;0.0;64.4
AGMDAR;201806121110;19.7;800;21.5;24.4;0.0;62.3
AGMDAR;201806121120;19.8;305;20.9;21.6;0.0;63.7
AGMDAR;201806121130;19.8;293;20.8;20.9;0.0;63.6
AGMDAR;201806121140;19.9;205;20.7;20.2;0.0;65.0
AGMDAR;201806121150;20.0;85;19.2;20.0;0.0;67.5
AGMDAR;201806121200;20.1;41;17.7;18.8;0.0;63.4
AGMDAR;201806121210;20.2;42;16.6;18.0;0.0;76.8
AGMDAR;201806121220;20.2;56;15.9;14.4;0.0;78.3
AGMDAR;201806121230;20.3;101;15.9;14.4;0.0;83.0
AGMDAR;201806121240;20.3;178;15.6;15.3;0.0;87.2
AGMDAR;201806121250;20.3;412;16.2;16.8;0.0;87.5
AGMDAR;201806121300;20.3;607;17.1;19.1;0.0;87.7
AGMDAR;201806121310;20.3;489;17.8;19.0;0.0;83.6
AGMDAR;201806121320;20.2;297;18.2;19.1;0.0;82.0
AGMDAR;201806121330;20.2;193;18.0;18.5;0.0;80.4
AGMDAR;201806121340;20.2;188;18.0;18.7;0.0;83.5
AGMDAR;201806121350;20.2;160;17.9;18.6;0.0;81.0
AGMDAR;201806121400;20.1;140;17.9;18.8;0.0;80.5
AGMDAR;201806121410;20.1;112;18.0;18.9;0.0;84.7
AGMDAR;201806121420;20.1;129;18.0;19.0;0.0;85.2
AGMDAR;201806121430;20.1;232;18.4;19.4;0.0;82.7
AGMDAR;201806121440;20.0;428;19.1;20.0;0.0;78.5
AGMDAR;201806121450;20.0;382;19.3;20.0;0.0;81.2
AGMDAR;201806121500;20.0;371;19.9;21.1;0.0;76.2
AGMDAR;201806121510;19.9;382;20.1;21.5;0.0;75.4
AGMDAR;201806121520;19.9;383;19.4;21.5;0.0;85.9
AGMDAR;201806121530;19.9;400;19.4;21.7;0.0;85.5
AGMDAR;201806121540;19.9;607;20.0;22.1;0.0;81.8
AGMDAR;201806121550;19.8;503;20.7;22.6;0.0;76.8
AGMDAR;201806121600;19.8;282;20.6;22.2;0.0;74.2
AGMDAR;201806121610;19.9;147;19.7;21.1;0.0;76.8
AGMDAR;201806121620;19.9;80;19.4;20.1;0.0;77.5
AGMDAR;201806121630;19.9;46;19.1;19.5;0.0;80.0
AGMDAR;201806121640;19.9;18;18.8;19.0;0.0;79.3
AGMDAR;201806121650;20.0;6;17.9;18.5;0.0;84.8
AGMDAR;201806121700;20.0;6;16.8;18.1;0.0;88.7
AGMDAR;201806121710;20.0;6;15.6;16.5;0.0;91.3
AGMDAR;201806121720;20.0;6;15.4;15.0;0.0;90.9
AGMDAR;201806121730;20.1;7;15.7;14.4;0.0;88.3
AGMDAR;201806121740;20.1;9;15.3;14.2;0.0;91.9
AGMDAR;201806121750;20.0;8;15.1;14.4;0.0;93.0
AGMDAR;201806121800;19.9;7;14.9;14.4;0.0;94.0
AGMDAR;201806121810;19.8;13;14.9;14.7;0.0;94.4
AGMDAR;201806121820;19.7;18;14.7;15.1;0.0;95.3
AGMDAR;201806121830;19.6;15;14.7;15.2;0.0;94.9
AGMDAR;201806121840;19.5;6;14.8;15.2;0.0;94.0
AGMDAR;201806121850;19.4;2;14.7;14.5;0.0;95.4
AGMDAR;201806121900;19.3;2;14.5;14.1;0.0;95.6
AGMDAR;201806121910;19.3;1;14.1;13.6;0.0;94.7
AGMDAR;201806121920;19.2;0;14.1;13.9;0.0;95.0
AGMDAR;201806121930;-;-;-;-;-;-
AGMDAR;201806121940;19.0;0;14.4;14.4;0.0;96.0
AGMDAR;201806121950;19.0;0;14.3;14.4;0.0;96.1
AGMDAR;201806122000;18.9;0;14.4;14.3;0.0;96.3
AGMDAR;201806122010;18.8;0;14.5;14.3;0.0;96.4
AGMDAR;201806122020;18.7;0;14.5;14.2;0.0;96.6
AGMDAR;201806122030;18.7;0;14.6;14.2;0.0;96.7
AGMDAR;201806122040;18.6;0;14.6;14.3;0.0;96.9
AGMDAR;201806122050;18.5;0;14.5;14.4;0.0;97.0
AGMDAR;201806122100;18.5;0;14.4;14.6;0.0;97.2
AGMDAR;201806122110;18.4;0;14.4;14.7;0.0;97.4
AGMDAR;201806122120;18.4;0;14.4;14.9;0.0;97.6
AGMDAR;201806122130;18.4;0;14.4;15.0;0.0;97.7
AGMDAR;201806122140;18.3;0;14.4;15.1;0.0;97.8
AGMDAR;201806122150;18.3;0;14.3;15.2;0.0;97.9
AGMDAR;201806122200;18.3;0;14.5;15.2;0.0;98.0
AGMDAR;201806122210;18.2;0;14.5;15.3;0.0;98.0
AGMDAR;201806122220;18.2;0;14.5;15.2;0.0;98.0
AGMDAR;201806122230;18.2;0;14.5;15.3;0.0;98.0
AGMDAR;201806122240;18.2;0;14.5;15.3;0.0;97.9
AGMDAR;201806122250;18.1;0;14.5;15.1;0.0;98.0
AGMDAR;201806122300;18.1;0;14.6;15.0;0.0;98.0
AGMDAR;201806122310;18.1;0;14.5;14.9;0.0;98.1
AGMDAR;201806122320;18.1;0;14.5;14.7;0.0;98.1
AGMDAR;201806122330;18.1;0;14.5;14.6;0.0;98.2
AGMDAR;201806122340;18.0;0;14.5;14.7;0.0;98.2
AGMDAR;201806122350;18.0;0;14.4;14.8;0.0;98.3
AGMDAR;201806130000;18.0;0;14.4;14.9;0.0;98.3
AGMDAR;201806130010;18.0;0;14.4;14.9;0.0;98.3
AGMDAR;201806130020;17.9;0;14.3;14.9;0.0;98.3
AGMDAR;201806130030;17.9;0;14.3;14.9;0.0;98.3
AGMDAR;201806130040;17.9;0;14.4;15.0;0.0;98.4
AGMDAR;201806130050;17.9;0;14.4;15.0;0.0;98.4
AGMDAR;201806130100;17.9;0;14.4;15.0;0.0;98.4
AGMDAR;201806130110;17.9;0;14.4;14.8;0.0;98.5
AGMDAR;201806130120;17.8;0;14.4;14.7;0.0;98.5
AGMDAR;201806130130;17.8;0;14.4;14.6;0.0;98.5
AGMDAR;201806130140;17.8;0;14.4;14.5;0.0;98.5
AGMDAR;201806130150;17.8;0;14.4;14.3;0.0;98.5
AGMDAR;201806130200;17.8;0;14.3;14.4;0.0;98.5
AGMDAR;201806130210;17.7;0;14.4;14.6;0.0;98.5
AGMDAR;201806130220;17.7;0;14.4;14.7;0.0;98.5
AGMDAR;201806130230;17.7;0;14.5;14.7;0.0;98.5
AGMDAR;201806130240;17.7;0;14.4;14.6;0.0;98.5
AGMDAR;201806130250;17.7;0;14.4;14.6;0.0;98.5
AGMDAR;201806130300;17.7;0;14.4;14.6;0.0;98.5
AGMDAR;201806130310;17.7;0;14.4;14.7;0.0;98.5
AGMDAR;201806130320;17.6;0;14.4;14.8;0.0;98.5
AGMDAR;201806130330;17.6;0;14.4;14.8;0.0;98.5
AGMDAR;201806130340;17.6;0;14.4;14.8;0.0;98.5
AGMDAR;201806130350;17.6;2;14.3;14.8;0.0;98.5
AGMDAR;201806130400;17.6;4;14.3;14.8;0.0;98.6
AGMDAR;201806130410;17.6;6;14.3;14.8;0.0;98.6
AGMDAR;201806130420;17.6;16;14.3;14.9;0.0;98.6
AGMDAR;201806130430;17.6;21;14.4;15.0;0.0;98.6
AGMDAR;201806130440;17.5;23;14.4;14.9;0.0;98.6
AGMDAR;201806130450;17.5;32;14.5;14.9;0.0;98.6
AGMDAR;201806130500;17.5;34;14.6;15.1;0.0;98.7
AGMDAR;201806130510;17.5;51;14.6;15.2;0.0;98.6
AGMDAR;201806130520;17.5;68;14.6;15.4;0.0;98.6
AGMDAR;201806130530;17.5;102;14.7;15.8;0.0;98.6
AGMDAR;201806130540;17.5;94;14.8;16.1;0.0;98.5
AGMDAR;201806130550;17.5;105;14.8;16.2;0.0;98.3
AGMDAR;201806130600;17.5;125;15.0;16.3;0.0;98.1
AGMDAR;201806130610;17.5;154;15.3;16.5;0.0;97.8
AGMDAR;201806130620;17.5;184;15.5;17.0;0.0;97.5
AGMDAR;201806130630;-;-;-;-;-;-
AGMDAR;201806130640;17.5;211;15.7;17.0;0.0;95.7
AGMDAR;201806130650;17.5;191;15.8;16.9;0.0;93.4
AGMDAR;201806130700;17.5;219;15.9;16.8;0.0;91.6
AGMDAR;201806130710;17.5;181;16.0;16.8;0.0;91.1
AGMDAR;201806130720;17.5;166;16.0;16.6;0.0;91.5
AGMDAR;201806130730;17.5;134;16.0;16.0;0.0;89.9
AGMDAR;201806130740;17.5;125;16.0;15.8;0.0;90.4
AGMDAR;201806130750;17.5;98;15.9;15.5;0.0;91.4
AGMDAR;201806130800;17.5;154;15.9;15.6;0.0;92.0
AGMDAR;201806130810;17.5;120;15.8;15.5;0.0;92.3
AGMDAR;201806130820;17.5;189;15.7;15.5;0.0;92.7
AGMDAR;201806130830;17.5;209;15.8;15.6;0.0;91.6
AGMDAR;201806130840;17.5;163;15.8;15.3;0.0;90.4
AGMDAR;201806130850;17.5;195;15.8;15.1;0.0;87.7
AGMDAR;201806130900;17.5;184;15.8;14.9;0.0;86.9
AGMDAR;201806130910;17.5;238;15.8;15.0;0.0;86.0
AGMDAR;201806130920;17.5;238;15.8;15.0;0.0;84.5
AGMDAR;201806130930;17.5;235;15.9;15.2;0.0;83.6
AGMDAR;201806130940;17.5;254;15.9;15.0;0.0;81.3
AGMDAR;201806130950;17.5;273;16.0;15.2;0.0;80.3
AGMDAR;201806131000;17.5;175;15.7;14.6;0.0;80.5
AGMDAR;201806131010;17.5;145;15.6;14.4;0.0;81.4
AGMDAR;201806131020;17.5;147;15.6;14.5;0.0;81.7
AGMDAR;201806131030;17.5;176;15.8;14.7;0.0;80.5
AGMDAR;201806131040;17.5;198;15.9;14.8;0.0;79.7
AGMDAR;201806131050;17.5;220;16.1;15.2;0.0;79.6
AGMDAR;201806131100;17.5;186;16.0;14.8;0.0;78.8
AGMDAR;201806131110;17.5;151;15.9;14.5;0.0;77.1
AGMDAR;201806131120;17.5;146;15.9;14.1;0.0;76.1
AGMDAR;201806131130;17.5;153;15.9;14.1;0.0;76.6
AGMDAR;201806131140;17.4;184;16.0;14.6;0.0;77.1
AGMDAR;201806131150;17.4;143;16.0;14.1;0.0;75.4
AGMDAR;201806131200;17.4;148;15.8;14.0;0.0;76.7
AGMDAR;201806131210;17.4;177;15.7;14.1;0.0;76.4
AGMDAR;201806131220;17.4;179;15.8;14.3;0.0;76.4
AGMDAR;201806131230;17.4;185;15.8;14.1;0.0;75.8
AGMDAR;201806131240;17.4;254;16.1;14.6;0.0;75.1
AGMDAR;201806131250;17.4;271;16.0;14.7;0.0;75.3
AGMDAR;201806131300;17.3;230;15.9;14.6;0.0;76.1
AGMDAR;201806131310;17.3;151;15.8;14.3;0.0;76.9
AGMDAR;201806131320;17.3;165;15.7;14.3;0.0;77.4
AGMDAR;201806131330;17.3;283;16.1;15.5;0.0;76.5
AGMDAR;201806131340;17.3;170;16.2;15.3;0.0;76.2
AGMDAR;201806131350;17.3;118;16.1;14.9;0.0;75.5
AGMDAR;201806131400;17.3;65;15.8;14.1;0.0;76.9
AGMDAR;201806131410;17.3;73;15.8;13.8;0.0;75.2
AGMDAR;201806131420;17.2;82;15.8;14.2;0.0;76.8
AGMDAR;201806131430;17.2;70;15.8;14.2;0.0;75.0
AGMDAR;201806131440;17.2;63;15.8;13.8;0.0;72.7
AGMDAR;201806131450;17.2;80;15.9;13.5;0.0;70.1
AGMDAR;201806131500;17.2;101;15.9;13.5;0.0;70.4
AGMDAR;201806131510;17.2;124;15.8;13.7;0.0;72.0
AGMDAR;201806131520;17.2;113;15.8;13.9;0.0;74.1
AGMDAR;201806131530;17.2;119;15.9;14.1;0.0;74.8
AGMDAR;201806131540;17.1;129;15.8;14.1;0.0;74.2
AGMDAR;201806131550;17.1;124;15.8;14.1;0.0;74.6
AGMDAR;201806131600;17.1;124;15.8;14.3;0.0;75.2
AGMDAR;201806131610;17.1;116;15.7;14.2;0.0;75.4
AGMDAR;201806131620;17.1;74;15.5;13.9;0.0;75.7
AGMDAR;201806131630;17.1;68;15.4;13.8;0.0;76.6
AGMDAR;201806131640;17.0;104;15.4;14.0;0.0;77.8
AGMDAR;201806131650;17.0;118;15.5;14.3;0.0;77.5
AGMDAR;201806131700;17.0;113;15.5;14.3;0.0;77.9
AGMDAR;201806131710;17.0;85;15.5;14.2;0.0;77.3
AGMDAR;201806131720;17.0;73;15.5;14.0;0.0;77.8
AGMDAR;201806131730;17.0;40;15.4;13.7;0.0;76.0
AGMDAR;201806131740;16.9;28;15.2;13.2;0.0;75.5
AGMDAR;201806131750;16.9;32;15.1;13.1;0.0;75.7
AGMDAR;201806131800;16.9;43;15.1;13.1;0.0;75.1
AGMDAR;201806131810;16.9;53;15.0;13.2;0.0;75.8
AGMDAR;201806131820;16.9;56;15.1;13.2;0.0;74.8
AGMDAR;201806131830;16.9;44;15.1;13.1;0.0;75.6
AGMDAR;201806131840;16.8;24;15.0;13.1;0.0;76.6
AGMDAR;201806131850;16.8;13;14.9;13.0;0.0;77.0
AGMDAR;201806131900;16.8;8;14.8;12.9;0.0;77.1
AGMDAR;201806131910;16.8;7;14.8;12.8;0.0;77.7
AGMDAR;201806131920;16.8;4;14.6;12.7;0.0;79.2
AGMDAR;201806131930;-;-;-;-;-;-
AGMDAR;201806131940;16.7;0;14.3;12.5;0.0;79.6
AGMDAR;201806131950;16.7;0;14.2;12.6;0.0;80.4
AGMDAR;201806132000;16.7;0;14.2;12.7;0.0;81.3
AGMDAR;201806132010;16.7;0;14.3;12.8;0.0;80.4
AGMDAR;201806132020;16.7;0;14.4;12.8;0.0;80.0
AGMDAR;201806132030;16.6;0;14.3;12.9;0.0;80.4
AGMDAR;201806132040;16.6;0;14.3;12.7;0.0;79.7
AGMDAR;201806132050;16.6;0;14.2;12.5;0.0;79.1
AGMDAR;201806132100;16.6;0;14.1;12.4;0.0;79.0
AGMDAR;201806132110;16.6;0;14.1;12.4;0.0;78.5
AGMDAR;201806132120;16.5;0;14.3;12.3;0.0;76.9
AGMDAR;201806132130;16.5;0;14.4;12.2;0.0;76.1
AGMDAR;201806132140;16.5;0;14.1;12.2;0.0;77.6
AGMDAR;201806132150;16.5;0;13.9;12.2;0.0;78.7
AGMDAR;201806132200;16.5;0;13.6;12.0;0.0;80.5
AGMDAR;201806132210;16.5;0;13.5;11.8;0.0;80.6
AGMDAR;201806132220;16.4;0;13.4;11.7;0.0;80.9
AGMDAR;201806132230;16.4;0;13.4;11.4;0.0;80.2
AGMDAR;201806132240;16.4;0;13.5;11.3;0.0;79.6
AGMDAR;201806132250;16.4;0;13.5;11.2;0.0;79.6
AGMDAR;201806132300;16.4;0;13.3;11.0;0.0;79.7
AGMDAR;201806132310;16.4;0;13.3;10.9;0.0;79.0
AGMDAR;201806132320;16.3;0;13.4;10.8;0.0;77.3
AGMDAR;201806132330;16.3;0;13.6;10.7;0.0;75.4
AGMDAR;201806132340;16.3;0;13.7;10.6;0.0;74.6
AGMDAR;201806132350;16.3;0;13.5;10.6;0.0;75.0

